GIMP Palette
Name: EL Active
Columns: 1
# Colors from the book
# The Complete Color Harmony, Pantone Edition: Expert Color Information for Professional Results
# by Leatrice Eiseman
146	146	146	
255	113	117	
127	105	169	
234	239	61	
0	170	219	
7	6	4	
141	110	170	
237	106	146	
255	214	52	
104	107	112	
112	213	73	
241	140	132	
150	91	159	
91	89	162	
23	27	75	
247	179	166	
224	137	179	
96	86	159	
214	1	83	
24	177	174	
7	6	4	
200	25	130	
249	244	18	
163	163	163	
79	79	79	
219	0	90	
1	161	219	
251	219	120	
0	161	226	
124	122	123	
50	218	195	
63	53	105	
226	234	1	
121	121	121	
254	144	21	
206	226	43	
229	235	99	
210	98	208	
254	93	160	
1	166	134	
85	13	125	
124	122	123	
255	141	107	
251	216	122	
238	112	160	
104	102	103	
245	159	170	
24	177	174	
170	168	155	
242	38	195	
16	179	222	
153	157	160	
126	198	36	
243	185	39	
7	6	4	
239	143	43	
169	51	137	
64	17	123	
109	133	193	
237	119	107	
7	6	4	
101	191	41	
234	96	86	
163	163	163	
240	150	88	
232	70	143	
129	100	166	
164	155	140	
96	41	134	
105	192	95	
133	96	163	
7	6	4	
146	146	146	
255	171	75	
155	207	96	
60	98	171	
35	49	62	
182	216	5	
183	42	134	
232	88	28	
146	146	146	
54	77	157	
226	234	25	
104	102	103	
44	52	91	
254	71	197	
253	233	180	
104	107	112	
232	88	28	
168	125	178	
0	0	0	
0	169	198	
232	100	26	
95	96	140	
255	62	181	
128	43	134	
235	78	61	
0	124	194	
253	243	109	
64	76	88	
247	112	215	
39	180	49	
217	104	160	
204	81	148	
85	13	125	
94	104	113	
252	208	183	
0	152	202	
