GIMP Palette
Name: EL Delicate
Columns: 1
#
246	244	219	
238	245	238	
238	233	239	
237	233	230	
249	240	235	
237	223	220	
224	239	234	
231	236	216	
226	234	245	
228	219	236	
210	234	238	
245	243	192	
242	245	216	
232	243	235	
255	255	255	
231	242	234	
245	239	239	
245	246	230	
237	239	218	
227	224	231	
233	216	209	
230	234	243	
249	234	213	
231	242	228	
238	244	242	
247	237	236	
237	239	236	
245	233	219	
239	232	240	
221	221	221	
230	242	242	
240	247	216	
248	235	216	
247	228	232	
215	211	210	
227	216	233	
226	233	243	
233	242	237	
241	237	234	
249	239	240	
236	235	230	
229	231	243	
235	245	236	
250	237	231	
244	240	241	
244	228	228	
247	237	227	
244	246	232	
248	240	229	
248	232	217	
223	236	245	
236	244	231	
247	242	238	
255	255	255	
234	220	233	
227	226	224	
239	223	210	
225	240	243	
255	255	255	
232	220	232	
250	233	215	
232	236	247	
233	228	235	
241	238	233	
218	229	235	
243	229	216	
215	211	210	
249	233	233	
249	233	233	
228	227	222	
251	234	216	
230	215	220	
238	216	228	
246	243	200	
223	239	236	
216	217	237	
246	242	207	
231	217	230	
220	223	232	
221	217	214	
236	217	223	
248	235	203	
224	237	220	
201	229	233	
233	228	222	
225	231	217	
209	219	228	
230	233	216	
212	206	218	
222	215	207	
246	230	230	
230	219	235	
223	221	234	
236	224	236	
235	243	220	
217	210	202	
221	221	221	
224	226	238	
209	231	244	
220	233	241	
246	235	217	
225	224	220	
227	235	246	
242	233	224	
233	231	244	
203	221	231	
222	210	224	
228	232	235	
