GIMP Palette
Name: EL Powerful
Columns: 1
#
207	36	42	
38	36	37	
255	225	79	
22	39	49	
0	84	157	
38	28	1	
79	38	132	
71	67	32	
201	76	94	
63	62	42	
79	112	25	
3	25	13	
113	112	117	
237	22	79	
0	77	67	
254	194	35	
102	3	96	
87	72	75	
1	79	55	
0	71	127	
106	92	53	
54	45	102	
197	12	70	
110	84	0	
52	89	157	
228	57	109	
199	160	59	
241	201	80	
114	109	105	
40	40	48	
76	74	88	
107	85	108	
220	59	77	
206	70	92	
94	87	81	
65	90	87	
59	88	158	
137	92	115	
191	92	73	
142	132	79	
84	89	147	
224	198	53	
232	25	77	
89	73	84	
114	111	94	
101	111	112	
184	161	65	
103	88	129	
99	106	112	
59	88	158	
243	210	69	
31	30	35	
135	146	88	
186	173	61	
224	174	53	
29	32	37	
149	136	156	
40	62	39	
48	96	160	
38	51	59	
152	138	127	
53	58	152	
84	111	94	
64	59	63	
152	140	140	
204	89	68	
46	47	65	
204	176	67	
127	111	88	
124	124	86	
104	88	137	
170	149	86	
181	39	53	
104	96	85	
142	135	129	
165	98	105	
67	38	130	
255	204	113	
86	113	106	
138	139	144	
112	85	136	
239	204	78	
80	75	79	
183	94	86	
47	48	68	
138	124	79	
61	90	158	
164	143	76	
66	60	64	
246	217	37	
74	47	126	
58	58	58	
242	101	73	
129	123	1	
0	51	78	
203	170	39	
