GIMP Palette
Name: EL Romantic
Columns: 1
#
254	235	231	
173	197	231	
237	179	191	
228	172	207	
190	216	241	
218	230	220	
240	195	215	
255	247	200	
207	224	180	
234	194	220	
217	233	232	
238	246	231	
220	204	204	
231	222	207	
180	208	232	
247	212	208	
195	223	224	
199	213	239	
250	202	214	
233	217	217	
188	214	205	
221	206	203	
223	164	160	
221	225	190	
249	178	186	
253	234	228	
177	203	216	
253	227	238	
199	168	209	
140	163	213	
242	189	217	
221	221	219	
200	213	167	
220	200	209	
186	218	205	
194	172	211	
212	174	211	
173	176	217	
240	207	226	
240	190	191	
223	223	223	
240	239	219	
244	200	201	
212	210	197	
182	166	203	
251	204	210	
160	195	217	
227	225	148	
250	198	220	
188	228	228	
168	182	217	
248	185	204	
192	178	214	
239	232	188	
248	185	204	
189	179	216	
225	222	189	
252	204	204	
204	223	217	
179	208	216	
235	183	206	
225	221	220	
147	177	215	
233	217	220	
246	212	229	
156	197	201	
225	208	218	
221	240	247	
238	231	223	
251	216	223	
195	208	227	
218	232	196	
250	191	193	
232	207	228	
201	218	208	
220	205	210	
195	208	227	
218	232	196	
234	217	235	
183	207	233	
236	226	177	
249	198	207	
214	156	196	
182	209	216	
252	219	214	
222	193	221	
221	220	218	
198	202	231	
204	214	223	
206	168	207	
240	196	221	
153	155	204	
232	226	214	
221	209	211	
184	178	216	
177	204	234	
252	218	219	
185	199	212	
204	178	213	
231	216	223	
169	196	153	
235	180	185	
250	204	206	
179	162	206	
151	182	211	
232	216	227	
177	153	201	
250	200	203	
